ID,Count
2013040100,466.653598318246
2013040101,461.739845603572
2013040102,461.18806218677855
2013040103,459.3728489764379
2013040104,458.13681718662286
2013040105,456.85762296839323
2013040106,455.7290260720662
2013040107,454.6759948853981
2013040108,453.71331726480975
2013040109,452.82691154322504
2013040110,452.0130122639113
2013040111,451.2651367995168
2013040112,450.578336768093
2013040113,449.94773533991054
2013040114,449.3689611848598
2013040115,448.8379593285186
2013040116,448.35101256169156
2013040117,447.9046969429757
2013040118,447.49586254646965
2013040119,447.1216089198513
2013040120,446.7792650584693
2013040121,446.4663703744287
2013040122,446.18065758446113
2013040123,445.9200369944557
2013040200,445.68258216087116
2013040201,445.4665167632626
2013040202,445.27020258856066
2013040203,445.09212852163125
2013040204,444.93090045272567
2013040205,444.78523201954994
2013040206,444.6539361103755
2013040207,444.5359170615523
2013040208,444.4301634892403
2013040209,444.3357417008441
2013040210,444.2517896367394
2013040211,444.1775112974375
2013040212,444.1121716154362
2013040213,444.0550917346803
2013040214,444.00564466387266
2013040215,443.9632512728616
2013040216,443.92737660403026
2013040217,443.8975264730477
2013040218,443.8732443355542
2013040219,443.854108398348
2013040220,443.83972895546304
2013040221,443.8297459311684
2013040222,443.8238266134298
2013040223,443.82166356273046
2013040300,443.82297268240086
2013040301,443.82749143773447
2013040302,443.83497721221397
2013040303,443.8452057901068
2013040304,443.85796995556444
2013040305,443.87307819915145
2013040306,443.890353523451
2013040307,443.9096323400626
2013040308,443.93076345091873
2013040309,443.9536071074028
2013040310,443.978034141269
2013040311,444.00392516182967
2013040312,444.03116981431754
2013040313,444.05966609472125
2013040314,444.08931971676316
2013040315,444.12004352702417
2013040316,444.15175696452906
2013040317,444.1843855613938
2013040318,444.21786048139643
2013040319,444.252118093579
2013040320,444.287099578207
2013040321,444.32275056261983
2013040322,444.359020784697
2013040323,444.39586378183674
2013040400,444.4332366035079
2013040401,444.47109954558096
2013040402,444.50941590478516
2013040403,444.54815175175963
2013040404,444.58727572129203
2013040405,444.6267588184338
2013040406,444.6665742392941
2013040407,444.70669720539325
2013040408,444.74710481055206
2013040409,444.7877758793644
2013040410,444.82869083637553
2013040411,444.8698315851567
2013040412,444.9111813965246
2013040413,444.9527248052136
2013040414,444.99444751436226
2013040415,445.03633630722067
2013040416,445.07837896553247
2013040417,445.12056419408856
2013040418,445.16288155098255
2013040419,445.20532138313774
2013040420,445.24787476670906
2013040421,445.2905334519864
2013040422,445.3332898124653
2013040423,445.3761367977637
2013040500,445.419067890097
2013040501,445.4620770640434
2013040502,445.5051587493488
2013040503,445.54830779654156
2013040504,445.59151944514616
2013040505,445.6347892942979
2013040506,445.6781132755777
2013040507,445.7214876279005
2013040508,445.7649088742981
2013040509,445.80837380045983
2013040510,445.85187943489007
2013040511,445.8954230305685
2013040512,445.93900204799405
2013040513,445.9826141395094
2013040514,446.0262571348108
2013040515,446.06992902755127
2013040516,446.1136279629568
2013040517,446.1573522263774
2013040518,446.20110023270377
2013040519,446.2448705165818
2013040520,446.28866172336785
2013040521,446.332472600767
2013040522,446.3763019911013
2013040523,446.42014882416424
2013040600,446.46401211061345
2013040601,446.50789093586377
2013040602,446.55178445443954
2013040603,446.59569188475604
2013040604,446.6396125042934
2013040605,446.68354564513425
2013040606,446.72749068984155
2013040607,446.7714470676444
2013040608,446.81541425091405
2013040609,446.8593917519052
2013040610,446.90337911974336
2013040611,446.94737593764086
2013040612,446.99138182032146
2013040613,447.0353964116407
2013040614,447.07941938238525
2013040615,447.12345042824006
2013040616,447.1674892679058
2013040617,447.2115356413619
2013040618,447.25558930825946
2013040619,447.2996500464347
2013040620,447.3437176505362
2013040621,447.38779193075464
2013040622,447.43187271164936
2013040623,447.4759598310625
2013040700,447.52005313911604
2013040701,447.56415249728485
2013040702,447.60825777753837
2013040703,447.6523688615483
2013040704,447.69648563995605
2013040705,447.7406080116952
2013040706,447.78473588336504
2013040707,447.8288691686519
2013040708,447.87300778779354
2013040709,447.9171516670839
2013040710,447.9613007384171
2013040711,448.00545493886307
2013040712,448.0496142102774
2013040713,448.09377849893986
2013040714,448.1379477552195
2013040715,448.18212193326684
2013040716,448.2263009907279
2013040717,448.2704848884795
2013040718,448.3146735903862
2013040719,448.35886706307434
2013040720,448.4030652757234
2013040721,448.44726819987306
2013040722,448.491475809245
2013040723,448.5356880795781
2013040800,448.57990498847613
2013040801,448.62412651526716
2013040802,448.6683526408729
2013040803,448.71258334768845
2013040804,448.7568186194711
2013040805,448.80105844123756
2013040806,448.8453027991682
2013040807,448.8895516805205
2013040808,448.9338050735463
2013040809,448.9780629674177
2013040810,449.0223253521566
2013040811,449.0665922185714
2013040812,449.1108635581972
2013040813,449.1551393632412
2013040814,449.1994196265315
2013040815,449.24370434147
2013040816,449.2879935019902
2013040817,449.33228710251575
2013040818,449.37658513792485
2013040819,449.420887603514
2013040820,449.4651944949684
2013040821,449.5095058083313
2013040822,449.5538215399773
2013040823,449.59814168658755
2013040900,449.64246624512657
2013040901,449.68679521282024
2013040902,449.73112858713705
2013040903,449.7754663657691
2013040904,449.8198085466154
2013040905,449.86415512776625
2013040906,449.9085061074885
2013040907,449.9528614842126
2013040908,449.99722125652056
2013040909,450.0415854231336
2013040910,450.0859539829023
2013040911,450.13032693479687
2013040912,450.17470427789755
2013040913,450.21908601138693
2013040914,450.26347213454187
2013040915,450.30786264672616
2013040916,450.3522575473846
2013040917,450.39665683603704
2013040918,450.4410605122713
2013040919,450.48546857573893
2013040920,450.5298810261513
2013040921,450.57429786327396
2013040922,450.6187190869222
2013040923,450.66314469695885
2013041000,450.7075746932889
2013041001,450.7520090758572
2013041002,450.7964478446461
2013041003,450.8408909996715
2013041004,450.88533854098085
2013041005,450.9297904686506
2013041006,450.974246782784
2013041007,451.0187074835095
2013041008,451.0631725709782
2013041009,451.1076420453629
2013041010,451.15211590685544
2013041011,451.19659415566656
2013041012,451.24107679202285
2013041013,451.28556381616744
2013041014,451.330055228357
2013041015,451.3745510288622
2013041016,451.4190512179652
2013041017,451.4635557959605
2013041018,451.50806476315176
2013041019,451.5525781198539
2013041020,451.59709586638996
2013041021,451.6416180030911
2013041022,451.686144530297
2013041023,451.7306754483535
2013041100,451.7752107576132
2013041101,451.81975045843575
2013041102,451.8642945511852
2013041103,451.9088430362313
2013041104,451.95339591394867
2013041105,451.99795318471627
2013041106,452.04251484891756
2013041107,452.08708090693926
2013041108,452.1316513591717
2013041109,452.1762262060088
2013041110,452.22080544784734
2013041111,452.2653890850866
2013041112,452.30997711812904
2013041113,452.3545695473792
2013041114,452.39916637324365
2013041115,452.4437675961314
2013041116,452.48837321645266
2013041117,452.53298323462053
2013041118,452.57759765104856
2013041119,452.62221646615274
2013041120,452.6668396803502
2013041121,452.7114672940591
2013041122,452.7560993076987
2013041123,452.80073572168993
2013041200,452.84537653645424
2013041201,452.89002175241455
2013041202,452.934671369994
2013041203,452.9793253896174
2013041204,453.0239838117093
2013041205,453.06864663669586
2013041206,453.1133138650035
2013041207,453.1579854970594
2013041208,453.2026615332911
2013041209,453.24734197412704
2013041210,453.2920268199959
2013041211,453.3367160713267
2013041212,453.38140972854893
2013041213,453.4261077920926
2013041214,453.470810262388
2013041215,453.5155171398661
2013041216,453.5602284249577
2013041217,453.6049441180946
2013041218,453.64966421970803
2013041219,453.69438873022995
2013041220,453.7391176500925
2013041221,453.7838509797281
2013041222,453.828588719569
2013041223,453.87333087004833
2013041300,453.91807743159904
2013041301,453.9628284046543
2013041302,454.0075837896476
2013041303,454.05234358701205
2013041304,454.0971077971816
2013041305,454.14187642059005
2013041306,454.1866494576713
2013041307,454.23142690885976
2013041308,454.27620877458924
2013041309,454.32099505529385
2013041310,454.36578575140845
2013041311,454.41058086336716
2013041312,454.4553803916048
2013041313,454.5001843365562
2013041314,454.54499269865613
2013041315,454.58980547833943
2013041316,454.63462267604115
2013041317,454.6794442921965
2013041318,454.7242703272406
2013041319,454.7691007816084
2013041320,454.8139356557355
2013041321,454.85877495005735
2013041322,454.9036186650092
2013041323,454.94846680102654
2013041400,454.99331935854485
2013041401,455.03817633799997
2013041402,455.08303773982783
2013041403,455.12790356446374
2013041404,455.1727738123437
2013041405,455.21764848390364
2013041406,455.26252757957946
2013041407,455.30741109980727
2013041408,455.3522990450233
2013041409,455.3971914156633
2013041410,455.4420882121637
2013041411,455.4869894349607
2013041412,455.53189508449043
2013041413,455.57680516118916
2013041414,455.62171966549346
2013041415,455.66663859783944
2013041416,455.711561958664
2013041417,455.75648974840334
2013041418,455.8014219674941
2013041419,455.846358616373
2013041420,455.89129969547673
2013041421,455.9362452052417
2013041422,455.981195146105
2013041423,456.02614951850325
2013041500,456.0711083228736
2013041501,456.1160715596527
2013041502,456.1610392292775
2013041503,456.206011332185
2013041504,456.2509878688123
2013041505,456.29596883959647
2013041506,456.3409542449743
2013041507,456.38594408538336
2013041508,456.430938361261
2013041509,456.4759370730443
2013041510,456.5209402211704
2013041511,456.5659478060769
2013041512,456.6109598282009
2013041513,456.6559762879803
2013041514,456.70099718585215
2013041515,456.74602252225395
2013041516,456.7910522976237
2013041517,456.8360865123987
2013041518,456.8811251670166
2013041519,456.92616826191545
2013041520,456.9712157975327
2013041521,457.0162677743061
2013041522,457.06132419267385
2013041523,457.10638505307355
2013041600,457.15145035594304
2013041601,457.19652010172035
2013041602,457.24159429084347
2013041603,457.2866729237505
2013041604,457.33175600087986
2013041605,457.37684352266933
2013041606,457.4219354895572
2013041607,457.46703190198156
2013041608,457.51213276038084
2013041609,457.5572380651932
2013041610,457.6023478168571
2013041611,457.6474620158109
2013041612,457.6925806624931
2013041613,457.7377037573422
2013041614,457.78283130079706
2013041615,457.82796329329597
2013041616,457.87309973527744
2013041617,457.9182406271802
2013041618,457.9633859694429
2013041619,458.0085357625044
2013041620,458.05369000680344
2013041621,458.0988487027788
2013041622,458.14401185086945
2013041623,458.1891794515143
2013041700,458.2343515051523
2013041701,458.27952801222244
2013041702,458.3247089731638
2013041703,458.3698943884155
2013041704,458.41508425841664
2013041705,458.46027858360645
2013041706,458.50547736442417
2013041707,458.550680601309
2013041708,458.59588829470033
2013041709,458.64110044503747
2013041710,458.6863170527598
2013041711,458.73153811830684
2013041712,458.77676364211806
2013041713,458.8219936246329
2013041714,458.8672280662911
2013041715,458.9124669675321
2013041716,458.9577103287957
2013041717,459.0029581505216
2013041718,459.04821043314945
2013041719,459.0934671771191
2013041720,459.1387283828704
2013041721,459.18399405084324
2013041722,459.2292641814775
2013041723,459.27453877521316
2013041800,459.3198178324902
2013041801,459.36510135374874
2013041802,459.41038933942883
2013041803,459.4556817899706
2013041804,459.50097870581425
2013041805,459.5462800874
2013041806,459.5915859351682
2013041807,459.636896249559
2013041808,459.6822110310129
2013041809,459.72753027997027
2013041810,459.7728539968715
2013041811,459.8181821821571
2013041812,459.8635148362676
2013041813,459.9088519596436
2013041814,459.9541935527257
2013041815,459.9995396159545
2013041816,460.0448901497708
2013041817,460.09024515461533
2013041818,460.13560463092887
2013041819,460.1809685791522
2013041820,460.22633699972624
2013041821,460.27170989309195
2013041822,460.31708725969025
2013041823,460.36246909996214
2013041900,460.40785541434866
2013041901,460.453246203291
2013041902,460.4986414672302
2013041903,460.5440412066074
2013041904,460.58944542186396
2013041905,460.63485411344107
2013041906,460.68026728178006
2013041907,460.72568492732233
2013041908,460.77110705050916
2013041909,460.81653365178215
2013041910,460.86196473158265
2013041911,460.90740029035226
2013041912,460.9528403285325
2013041913,460.99828484656507
2013041914,461.04373384489156
2013041915,461.0891873239537
2013041916,461.1346452841932
2013041917,461.1801077260519
2013041918,461.2255746499717
2013041919,461.2710460563943
2013041920,461.3165219457618
2013041921,461.3620023185161
2013041922,461.4074871750991
2013041923,461.452976515953
2013042000,461.4984703415199
2013042001,461.54396865224186
2013042002,461.589471448561
2013042003,461.6349787309197
2013042004,461.68049049976025
2013042005,461.7260067555248
2013042006,461.77152749865576
2013042007,461.8170527295956
2013042008,461.8625824487867
2013042009,461.9081166566716
2013042010,461.95365535369285
2013042011,461.9991985402929
2013042012,462.0447462169145
2013042013,462.0902983840003
2013042014,462.1358550419929
2013042015,462.18141619133513
2013042016,462.22698183246985
2013042017,462.27255196583974
2013042018,462.3181265918878
2013042019,462.3637057110569
2013042020,462.40928932379006
2013042021,462.45487743053025
2013042022,462.50047003172057
2013042023,462.54606712780406
2013042100,462.5916687192239
2013042101,462.63727480642325
2013042102,462.68288538984535
2013042103,462.7285004699335
2013042104,462.7741200471311
2013042105,462.8197441218813
2013042106,462.86537269462764
2013042107,462.91100576581357
2013042108,462.9566433358825
2013042109,463.0022854052781
2013042110,463.0479319744439
2013042111,463.09358304382346
2013042112,463.13923861386047
2013042113,463.1848986849987
2013042114,463.23056325768187
2013042115,463.2762323323538
2013042116,463.3219059094583
2013042117,463.36758398943925
2013042118,463.4132665727406
2013042119,463.4589536598063
2013042120,463.50464525108043
2013042121,463.550341347007
2013042122,463.5960419480302
2013042123,463.641747054594
2013042200,463.6874566671428
2013042201,463.7331707861207
2013042202,463.778889411972
2013042203,463.82461254514106
2013042204,463.8703401860722
2013042205,463.91607233520995
2013042206,463.9618089929986
2013042207,464.0075501598828
2013042208,464.053295836307
2013042209,464.09904602271575
2013042210,464.1448007195538
2013042211,464.1905599272658
2013042212,464.23632364629634
2013042213,464.28209187709035
2013042214,464.32786462009256
2013042215,464.37364187574786
2013042216,464.4194236445011
2013042217,464.4652099267972
2013042218,464.51100072308117
2013042219,464.5567960337981
2013042220,464.6025958593929
2013042221,464.64840020031085
2013042222,464.69420905699707
2013042223,464.74002242989667
2013042300,464.78584031945496
2013042301,464.83166272611726
2013042302,464.87748965032887
2013042303,464.92332109253516
2013042304,464.96915705318156
2013042305,465.0149975327135
2013042306,465.06084253157655
2013042307,465.1066920502162
2013042308,465.15254608907816
2013042309,465.19840464860795
2013042310,465.2442677292513
2013042311,465.29013533145394
2013042312,465.3360074556616
2013042313,465.38188410232016
2013042314,465.4277652718755
2013042315,465.4736509647734
2013042316,465.51954118145994
2013042317,465.565435922381
2013042318,465.6113351879828
2013042319,465.6572389787112
2013042320,465.7031472950124
2013042321,465.7490601373326
2013042322,465.7949775061181
2013042323,465.8408994018149
2013042400,465.88682582486956
2013042401,465.9327567757283
2013042402,465.97869225483754
2013042403,466.0246322626437
2013042404,466.0705767995932
2013042405,466.1165258661327
2013042406,466.16247946270863
2013042407,466.20843758976764
2013042408,466.25440024775645
2013042409,466.3003674371216
2013042410,466.34633915831006
2013042411,466.3923154117684
2013042412,466.43829619794354
2013042413,466.48428151728234
2013042414,466.53027137023173
2013042415,466.5762657572387
2013042416,466.6222646787501
2013042417,466.6682681352132
2013042418,466.714276127075
2013042419,466.7602886547825
2013042420,466.80630571878316
2013042421,466.85232731952397
2013042422,466.8983534574523
2013042423,466.9443841330154
2013042500,466.9904193466607
2013042501,467.03645909883556
2013042502,467.08250338998744
2013042503,467.12855222056385
2013042504,467.17460559101227
2013042505,467.2206635017803
2013042506,467.2667259533156
2013042507,467.31279294606577
2013042508,467.3588644804786
2013042509,467.4049405570018
2013042510,467.45102117608315
2013042511,467.4971063381705
2013042512,467.54319604371176
2013042513,467.5892902931548
2013042514,467.6353890869477
2013042515,467.68149242553847
2013042516,467.7276003093751
2013042517,467.77371273890566
2013042518,467.8198297145784
2013042519,467.8659512368415
2013042520,467.91207730614315
2013042521,467.9582079229317
2013042522,468.00434308765546
2013042523,468.0504828007628
2013042600,468.09662706270205
2013042601,468.1427758739218
2013042602,468.1889292348705
2013042603,468.2350871459967
2013042604,468.281249607749
2013042605,468.327416620576
2013042606,468.37358818492646
2013042607,468.4197643012491
2013042608,468.46594496999256
2013042609,468.5121301916058
2013042610,468.5583199665376
2013042611,468.6045142952369
2013042612,468.6507131781527
2013042613,468.6969166157339
2013042614,468.7431246084296
2013042615,468.78933715668876
2013042616,468.83555426096063
2013042617,468.8817759216944
2013042618,468.9280021393391
2013042619,468.97423291434427
2013042620,469.02046824715893
2013042621,469.0667081382326
2013042622,469.11295258801465
2013042623,469.15920159695446
2013042700,469.2054551655016
2013042701,469.25171329410546
2013042702,469.2979759832157
2013042703,469.3442432332819
2013042704,469.3905150447537
2013042705,469.4367914180809
2013042706,469.4830723537131
2013042707,469.5293578521002
2013042708,469.575647913692
2013042709,469.62194253893836
2013042710,469.6682417282892
2013042711,469.7145454821946
2013042712,469.76085380110436
2013042713,469.8071666854687
2013042714,469.8534841357377
2013042715,469.89980615236146
2013042716,469.9461327357902
2013042717,469.99246388647407
2013042718,470.03879960486347
2013042719,470.08513989140863
2013042720,470.13148474656
2013042721,470.1778341707679
2013042722,470.2241881644829
2013042723,470.27054672815535
2013042800,470.3169098622359
2013042801,470.3632775671751
2013042802,470.4096498434236
2013042803,470.4560266914321
2013042804,470.5024081116513
2013042805,470.5487941045319
2013042806,470.5951846705248
2013042807,470.6415798100808
2013042808,470.6879795236509
2013042809,470.7343838116859
2013042810,470.78079267463687
2013042811,470.82720611295485
2013042812,470.8736241270909
2013042813,470.9200467174961
2013042814,470.9664738846217
2013042815,471.0129056289188
2013042816,471.0593419508388
2013042817,471.1057828508329
2013042818,471.15222832935245
2013042819,471.1986783868488
2013042820,471.2451330237735
2013042821,471.291592240578
2013042822,471.33805603771367
2013042823,471.38452441563226
2013042900,471.4309973747853
2013042901,471.4774749156245
2013042902,471.5239570386015
2013042903,471.570443744168
2013042904,471.6169350327759
2013042905,471.66343090487703
2013042906,471.70993136092324
2013042907,471.7564364013664
2013042908,471.80294602665845
2013042909,471.84946023725155
2013042910,471.89597903359765
2013042911,471.9425024161489
2013042912,471.98903038535735
2013042913,472.0355629416753
2013042914,472.082100085555
2013042915,472.1286418174486
2013042916,472.17518813780856
2013042917,472.22173904708717
2013042918,472.26829454573686
2013042919,472.3148546342101
2013042920,472.3614193129594
2013042921,472.40798858243727
2013042922,472.4545624430963
2013042923,472.5011408953892
2013043000,472.54772393976856
2013043001,472.5943115766871
2013043002,472.64090380659775
2013043003,472.68750062995315
2013043004,472.7341020472062
2013043005,472.78070805880986
2013043006,472.82731866521704
2013043007,472.8739338668807
2013043008,472.92055366425393
2013043009,472.9671780577898
2013043010,473.01380704794144
2013043011,473.060440635162
2013043012,473.10707881990476
2013043013,473.1537216026229
2013043014,473.2003689837698
2013043015,473.2470209637987
2013043016,473.29367754316314
2013043017,473.34033872231646
2013043018,473.38700450171217
2013043019,473.4336748818038
2013043020,473.480349863045
2013043021,473.5270294458892
2013043022,473.5737136307902
2013043023,473.62040241820176
2013050100,473.6670958085775
2013050101,473.7137938023713
2013050102,473.760496400037
2013050103,473.8072036020285
2013050104,473.85391540879965
2013050105,473.90063182080445
2013050106,473.947352838497
2013050107,473.99407846233134
2013050108,474.0408086927615
2013050109,474.08754353024176
2013050110,474.1342829752262
2013050111,474.1810270281691
2013050112,474.22777568952483
2013050113,474.27452895974767
2013050114,474.321286839292
2013050115,474.3680493286122
2013050116,474.4148164281628
2013050117,474.4615881383983
2013050118,474.5083644597733
2013050119,474.5551453927423
2013050120,474.60193093776
2013050121,474.64872109528113
2013050122,474.6955158657604
2013050123,474.7423152496526
2013050200,474.78911924741254
2013050201,474.83592785949514
2013050202,474.8827410863552
2013050203,474.9295589284479
2013050204,474.976381386228
2013050205,475.02320846015067
2013050206,475.07004015067105
2013050207,475.11687645824423
2013050208,475.1637173833254
2013050209,475.21056292636973
2013050210,475.2574130878326
2013050211,475.30426786816935
2013050212,475.35112726783524
2013050213,475.3979912872857
2013050214,475.4448599269763
2013050215,475.49173318736234
2013050216,475.53861106889957
2013050217,475.58549357204345
2013050218,475.6323806972497
2013050219,475.67927244497395
2013050220,475.72616881567194
2013050221,475.77306980979944
2013050222,475.81997542781227
2013050223,475.86688567016625
2013050300,475.91380053731734
2013050301,475.9607200297215
2013050302,476.00764414783464
2013050303,476.05457289211284
2013050304,476.10150626301225
2013050305,476.148444260989
2013050306,476.19538688649914
2013050307,476.242334139999
2013050308,476.2892860219448
2013050309,476.3362425327929
2013050310,476.3832036729995
2013050311,476.43016944302127
2013050312,476.47713984331443
2013050313,476.5241148743355
2013050314,476.5710945365411
2013050315,476.61807883038784
2013050316,476.6650677563322
2013050317,476.7120613148309
2013050318,476.75905950634075
2013050319,476.8060623313184
2013050320,476.85306979022073
2013050321,476.9000818835045
2013050322,476.9470986116267
2013050323,476.9941199750442
2013050400,477.0411459742141
2013050401,477.0881766095933
2013050402,477.1352118816389
2013050403,477.18225179080804
2013050404,477.2292963375579
2013050405,477.2763455223457
2013050406,477.3233993456287
2013050407,477.3704578078641
2013050408,477.41752090950934
2013050409,477.4645886510218
2013050410,477.51166103285897
2013050411,477.5587380554782
2013050412,477.60581971933715
2013050413,477.6529060248933
2013050414,477.6999969726043
2013050415,477.74709256292783
2013050416,477.7941927963215
2013050417,477.8412976732432
2013050418,477.88840719415066
2013050419,477.93552135950176
2013050420,477.9826401697543
2013050421,478.0297636253663
2013050422,478.0768917267957
2013050423,478.1240244745005
2013050500,478.1711618689388
2013050501,478.21830391056875
2013050502,478.2654505998484
2013050503,478.3126019372361
2013050504,478.35975792318993
2013050505,478.40691855816834
2013050506,478.4540838426296
2013050507,478.50125377703205
2013050508,478.5484283618342
2013050509,478.5956075974945
2013050510,478.64279148447145
2013050511,478.6899800232236
2013050512,478.7371732142096
2013050513,478.7843710578881
2013050514,478.8315735547178
2013050515,478.8787807051574
2013050516,478.9259925096658
2013050517,478.97320896870167
2013050518,479.02043008272403
2013050519,479.06765585219176
2013050520,479.11488627756387
2013050521,479.1621213592993
2013050522,479.2093610978572
2013050523,479.25660549369655
2013050600,479.30385454727667
2013050601,479.3511082590566
2013050602,479.39836662949574
2013050603,479.4456296590532
2013050604,479.49289734818854
2013050605,479.5401696973609
2013050606,479.58744670702987
2013050607,479.6347283776548
2013050608,479.68201470969535
2013050609,479.729305703611
2013050610,479.77660135986133
2013050611,479.823901678906
2013050612,479.8712066612047
2013050613,479.91851630721726
2013050614,479.9658306174034
2013050615,480.01314959222293
2013050616,480.06047323213573
2013050617,480.1078015376018
2013050618,480.15513450908105
2013050619,480.20247214703346
2013050620,480.2498144519192
2013050621,480.29716142419824
2013050622,480.3445130643308
2013050623,480.3918693727771
2013050700,480.43923034999733
2013050701,480.4865959964518
2013050702,480.5339663126008
2013050703,480.5813412989048
2013050704,480.6287209558241
2013050705,480.6761052838193
2013050706,480.7234942833509
2013050707,480.7708879548793
2013050708,480.81828629886525
2013050709,480.8656893157693
2013050710,480.9130970060523
2013050711,480.96050937017486
2013050712,481.00792640859777
2013050713,481.0553481217819
2013050714,481.10277451018817
2013050715,481.1502055742774
2013050716,481.1976413145106
2013050717,481.24508173134876
2013050718,481.29252682525305
2013050719,481.33997659668444
2013050720,481.3874310461041
2013050721,481.4348901739733
2013050722,481.4823539807532
2013050723,481.52982246690516
2013050800,481.57729563289047
2013050801,481.62477347917047
2013050802,481.6722560062066
2013050803,481.71974321446044
2013050804,481.7672351043933
2013050805,481.8147316764669
2013050806,481.8622329311428
2013050807,481.90973886888264
2013050808,481.9572494901481
2013050809,482.00476479540094
2013050810,482.0522847851029
2013050811,482.0998094597159
2013050812,482.14733881970176
2013050813,482.1948728655224
2013050814,482.24241159763983
2013050815,482.28995501651605
2013050816,482.33750312261304
2013050817,482.385055916393
2013050818,482.4326133983181
2013050819,482.4801755688504
2013050820,482.52774242845226
2013050821,482.57531397758595
2013050822,482.62289021671376
2013050823,482.6704711462981
2013050900,482.7180567668014
2013050901,482.7656470786861
2013050902,482.8132420824147
2013050903,482.86084177844987
2013050904,482.9084461672541
2013050905,482.95605524929005
2013050906,483.0036690250205
2013050907,483.0512874949081
2013050908,483.0989106594157
2013050909,483.1465385190061
2013050910,483.1941710741422
2013050911,483.2418083252869
2013050912,483.28945027290325
2013050913,483.3370969174541
2013050914,483.3847482594027
2013050915,483.43240429921207
2013050916,483.48006503734535
2013050917,483.5277304742658
2013050918,483.5754006104366
2013050919,483.623075446321
2013050920,483.6707549823825
2013050921,483.71843921908436
2013050922,483.76612815689
2013050923,483.81382179626297
2013051000,483.8615201376667
2013051001,483.9092231815648
2013051002,483.9569309284209
2013051003,484.00464337869863
2013051004,484.0523605328617
2013051005,484.10008239137386
2013051006,484.14780895469886
2013051007,484.1955402233006
2013051008,484.24327619764296
2013051009,484.29101687818985
2013051010,484.33876226540525
2013051011,484.38651235975317
2013051012,484.43426716169773
2013051013,484.48202667170295
2013051014,484.5297908902331
2013051015,484.5775598177523
2013051016,484.6253334547248
2013051017,484.67311180161494
2013051018,484.72089485888705
2013051019,484.7686826270055
2013051020,484.8164751064347
2013051021,484.8642722976393
2013051022,484.9120742010836
2013051023,484.95988081723226
2013051100,485.0076921465499
2013051101,485.05550818950127
2013051102,485.1033289465509
2013051103,485.1511544181637
2013051104,485.19898460480437
2013051105,485.2468195069378
2013051106,485.2946591250289
2013051107,485.34250345954257
2013051108,485.39035251094384
2013051109,485.4382062796977
2013051110,485.4860647662692
2013051111,485.5339279711235
2013051112,485.58179589472576
2013051113,485.62966853754125
2013051114,485.6775459000351
2013051115,485.7254279826727
2013051116,485.77331478591947
2013051117,485.82120631024065
2013051118,485.8691025561018
2013051119,485.91700352396833
2013051120,485.9649092143058
2013051121,486.01281962757986
2013051122,486.06073476425604
2013051123,486.1086546248
2013051200,486.1565792096776
2013051201,486.2045085193545
2013051202,486.2524425542964
2013051203,486.3003813149694
2013051204,486.3483248018392
2013051205,486.3962730153719
2013051206,486.44422595603334
2013051207,486.4921836242897
2013051208,486.5401460206069
2013051209,486.5881131454513
2013051210,486.63608499928887
2013051211,486.68406158258597
2013051212,486.7320428958087
2013051213,486.78002893942363
2013051214,486.8280197138969
2013051215,486.876015219695
2013051216,486.9240154572843
2013051217,486.9720204271315
2013051218,487.02003012970295
2013051219,487.06804456546536
2013051220,487.1160637348853
2013051221,487.16408763842946
2013051222,487.2121162765646
2013051223,487.2601496497574
2013051300,487.30818775847484
2013051301,487.35623060318363
2013051302,487.4042781843508
2013051303,487.45233050244326
2013051304,487.50038755792804
2013051305,487.54844935127215
2013051306,487.5965158829427
2013051307,487.64458715340686
2013051308,487.6926631631318
2013051309,487.7407439125847
2013051310,487.788829402233
2013051311,487.8369196325438
2013051312,487.8850146039847
2013051313,487.93311431702296
2013051314,487.9812187721261
2013051315,488.0293279697617
2013051316,488.07744191039717
2013051317,488.12556059450026
2013051318,488.1736840225385
2013051319,488.2218121949797
2013051320,488.2699451122915
2013051321,488.31808277494173
2013051322,488.3662251833982
2013051323,488.4143723381289
2013051400,488.46252423960163
2013051401,488.5106808882844
2013051402,488.55884228464527
2013051403,488.60700842915224
2013051404,488.65517932227345
2013051405,488.7033549644771
2013051406,488.75153535623133
2013051407,488.7997204980044
2013051408,488.8479103902646
2013051409,488.8961050334803
2013051410,488.9443044281199
2013051411,488.9925085746518
2013051412,489.04071747354453
2013051413,489.0889311252665
2013051414,489.1371495302865
2013051415,489.1853726890729
2013051416,489.2336006020945
2013051417,489.28183326982
2013051418,489.33007069271815
2013051419,489.3783128712577
2013051420,489.42655980590763
2013051421,489.4748114971367
2013051422,489.52306794541397
2013051423,489.5713291512084
2013051500,489.6195951149889
2013051501,489.66786583722467
2013051502,489.7161413183848
2013051503,489.7644215589385
2013051504,489.812706559355
2013051505,489.8609963201035
2013051506,489.90929084165333
2013051507,489.9575901244739
2013051508,490.00589416903455
2013051509,490.0542029758048
2013051510,490.1025165452541
2013051511,490.150834877852
2013051512,490.19915797406804
2013051513,490.247485834372
2013051514,490.29581845923343
2013051515,490.3441558491221
2013051516,490.3924980045078
2013051517,490.44084492586035
2013051518,490.4891966136496
2013051519,490.53755306834546
2013051520,490.5859142904179
2013051521,490.63428028033695
2013051522,490.68265103857266
2013051523,490.7310265655951
2013051600,490.7794068618744
2013051601,490.8277919278808
2013051602,490.87618176408455
2013051603,490.9245763709559
2013051604,490.97297574896515
2013051605,491.0213798985828
2013051606,491.0697888202791
2013051607,491.1182025145246
2013051608,491.16662098178995
2013051609,491.2150442225455
2013051610,491.26347223726196
2013051611,491.31190502641
2013051612,491.3603425904603
2013051613,491.4087849298836
2013051614,491.4572320451507
2013051615,491.50568393673245
2013051616,491.55414060509975
2013051617,491.60260205072353
2013051618,491.65106827407476
2013051619,491.69953927562443
2013051620,491.7480150558437
2013051621,491.79649561520364
2013051622,491.8449809541754
2013051623,491.8934710732302
2013051700,491.9419659728394
2013051701,491.99046565347413
2013051702,492.0389701156059
2013051703,492.087479359706
2013051704,492.1359933862459
2013051705,492.18451219569715
2013051706,492.23303578853125
2013051707,492.2815641652198
2013051708,492.33009732623435
2013051709,492.37863527204667
2013051710,492.4271780031285
2013051711,492.47572551995154
2013051712,492.52427782298764
2013051713,492.5728349127087
2013051714,492.6213967895865
2013051715,492.6699634540932
2013051716,492.7185349067006
2013051717,492.76711114788094
2013051718,492.81569217810613
2013051719,492.86427799784843
2013051720,492.91286860758004
2013051721,492.96146400777315
2013051722,493.01006419890007
2013051723,493.05866918143306
2013051800,493.1072789558446
2013051801,493.155893522607
2013051802,493.2045128821929
2013051803,493.25313703507464
2013051804,493.3017659817248
2013051805,493.35039972261615
2013051806,493.39903825822114
2013051807,493.44768158901263
2013051808,493.4963297154633
2013051809,493.54498263804595
2013051810,493.59364035723337
2013051811,493.6423028734986
2013051812,493.6909701873144
2013051813,493.73964229915384
2013051814,493.78831920948994
2013051815,493.8370009187958
2013051816,493.8856874275445
2013051817,493.9343787362092
2013051818,493.98307484526316
2013051819,494.03177575517964
2013051820,494.08048146643193
2013051821,494.1291919794934
2013051822,494.1779072948374
2013051823,494.2266274129374
2013051900,494.2753523342669
2013051901,494.32408205929954
2013051902,494.3728165885087
2013051903,494.42155592236827
2013051904,494.47030006135174
2013051905,494.51904900593286
2013051906,494.5678027565855
2013051907,494.61656131378334
2013051908,494.6653246780004
2013051909,494.71409284971054
2013051910,494.76286582938764
2013051911,494.81164361750587
2013051912,494.86042621453913
2013051913,494.90921362096157
2013051914,494.9580058372474
2013051915,495.00680286387075
2013051916,495.0556047013059
2013051917,495.10441135002714
2013051918,495.15322281050874
2013051919,495.2020390832252
2013051920,495.25086016865083
2013051921,495.29968606726015
2013051922,495.34851677952776
2013051923,495.3973523059281
2013052000,495.44619264693586
2013052001,495.4950378030257
2013052002,495.5438877746723
2013052003,495.59274256235045
2013052004,495.641602166535
2013052005,495.69046658770066
2013052006,495.7393358263225
2013052007,495.78820988287526
2013052008,495.8370887578341
2013052009,495.8859724516741
2013052010,495.93486096487015
2013052011,495.9837542978975
2013052012,496.0326524512313
2013052013,496.08155542534683
2013052014,496.13046322071926
2013052015,496.179375837824
2013052016,496.2282932771364
2013052017,496.2772155391318
2013052018,496.32614262428575
2013052019,496.37507453307376
2013052020,496.42401126597133
2013052021,496.472952823454
2013052022,496.5218992059976
2013052023,496.57085041407765
2013052100,496.61980644817
2013052101,496.6687673087504
2013052102,496.7177329962946
2013052103,496.76670351127865
2013052104,496.8156788541784
2013052105,496.86465902546973
2013052106,496.91364402562886
2013052107,496.9626338551317
2013052108,497.0116285144544
2013052109,497.0606280040731
2013052110,497.10963232446414
2013052111,497.15864147610364
2013052112,497.20765545946796
2013052113,497.25667427503345
2013052114,497.30569792327645
2013052115,497.3547264046735
2013052116,497.40375971970104
2013052117,497.45279786883566
2013052118,497.50184085255387
2013052119,497.5508886713323
2013052120,497.5999413256477
2013052121,497.64899881597677
2013052122,497.69806114279623
2013052123,497.747128306583
2013052200,497.7962003078139
2013052201,497.8452771469658
2013052202,497.89435882451573
2013052203,497.9434453409406
2013052204,497.99253669671765
2013052205,498.04163289232383
2013052206,498.0907339282363
2013052207,498.1398398049323
2013052208,498.18895052288906
2013052209,498.2380660825839
2013052210,498.2871864844941
2013052211,498.33631172909713
2013052212,498.3854418168703
2013052213,498.4345767482912
2013052214,498.4837165238373
2013052215,498.5328611439862
2013052216,498.5820106092155
2013052217,498.6311649200029
2013052218,498.6803240768261
2013052219,498.7294880801628
2013052220,498.77865693049085
2013052221,498.8278306282882
2013052222,498.87700917403265
2013052223,498.9261925682021
2013052300,498.9753808112747
2013052301,499.0245739037284
2013052302,499.0737718460413
2013052303,499.1229746386916
2013052304,499.17218228215734
2013052305,499.2213947769169
2013052306,499.27061212344853
2013052307,499.31983432223046
2013052308,499.3690613737412
2013052309,499.4182932784591
2013052310,499.4675300368626
2013052311,499.5167716494303
2013052312,499.5660181166407
2013052313,499.61526943897246
2013052314,499.6645256169042
2013052315,499.7137866509146
2013052316,499.76305254148247
2013052317,499.8123232890866
2013052318,499.86159889420577
2013052319,499.91087935731895
2013052320,499.9601646789051
2013052321,500.00945485944305
2013052322,500.058749899412
2013052323,500.10804979929105
2013052400,500.1573545595592
2013052401,500.2066641806957
2013052402,500.25597866317975
2013052403,500.30529800749065
2013052404,500.35462221410774
2013052405,500.40395128351025
2013052406,500.4532852161778
2013052407,500.5026240125897
2013052408,500.5519676732255
2013052409,500.60131619856475
2013052410,500.65066958908704
2013052411,500.7000278452721
2013052412,500.7493909675995
2013052413,500.7987589565491
2013052414,500.84813181260057
2013052415,500.8975095362339
2013052416,500.94689212792883
2013052417,500.9962795881654
2013052418,501.04567191742353
2013052419,501.0950691161833
2013052420,501.1444711849247
2013052421,501.193878124128
2013052422,501.2432899342732
2013052423,501.29270661584064
2013052500,501.3421281693105
2013052501,501.39155459516314
2013052502,501.4409858938789
2013052503,501.4904220659383
2013052504,501.5398631118216
2013052505,501.5893090320094
2013052506,501.6387598269822
2013052507,501.6882154972207
2013052508,501.7376760432055
2013052509,501.7871414654172
2013052510,501.8366117643367
2013052511,501.88608694044467
2013052512,501.935566994222
2013052513,501.9850519261494
2013052514,502.0345417367081
2013052515,502.0840364263789
2013052516,502.1335359956428
2013052517,502.18304044498086
2013052518,502.2325497748743
2013052519,502.2820639858042
2013052520,502.33158307825187
2013052521,502.38110705269844
2013052522,502.4306359096253
2013052523,502.4801696495138
2013052600,502.52970827284537
2013052601,502.5792517801014
2013052602,502.6288001717634
2013052603,502.67835344831286
2013052604,502.7279116102315
2013052605,502.7774746580009
2013052606,502.8270425921027
2013052607,502.8766154130187
2013052608,502.9261931212307
2013052609,502.9757757172205
2013052610,503.0253632014699
2013052611,503.0749555744609
2013052612,503.12455283667543
2013052613,503.1741549885956
2013052614,503.2237620307034
2013052615,503.273373963481
2013052616,503.3229907874105
2013052617,503.37261250297416
2013052618,503.4222391106542
2013052619,503.4718706109329
2013052620,503.5215070042927
2013052621,503.57114829121593
2013052622,503.6207944721851
2013052623,503.6704455476826
2013052700,503.7201015181911
2013052701,503.76976238419314
2013052702,503.8194281461713
2013052703,503.8690988046083
2013052704,503.91877435998697
2013052705,503.9684548127899
2013052706,504.0181401635001
2013052707,504.06783041260036
2013052708,504.1175255605736
2013052709,504.1672256079028
2013052710,504.216930555071
2013052711,504.2666404025612
2013052712,504.3163551508566
2013052713,504.3660748004404
2013052714,504.41579935179567
2013052715,504.4655288054057
2013052716,504.51526316175386
2013052717,504.56500242132347
2013052718,504.6147465845979
2013052719,504.66449565206074
2013052720,504.71424962419525
2013052721,504.76400850148514
2013052722,504.813772284414
2013052723,504.8635409734653
2013052800,504.913314569123
2013052801,504.96309307187056
2013052802,505.0128764821919
2013052803,505.0626648005709
2013052804,505.1124580274913
2013052805,505.1622561634371
2013052806,505.21205920889236
2013052807,505.2618671643409
2013052808,505.3116800302669
2013052809,505.36149780715454
2013052810,505.41132049548787
2013052811,505.4611480957512
2013052812,505.5109806084286
2013052813,505.5608180340046
2013052814,505.6106603729635
2013052815,505.6605076257896
2013052816,505.7103597929674
2013052817,505.7602168749814
2013052818,505.8100788723162
2013052819,505.8599457854563
2013052820,505.90981761488644
2013052821,505.95969436109124
2013052822,506.00957602455543
2013052823,506.0594626057638
2013052900,506.10935410520125
2013052901,506.15925052335257
2013052902,506.2091518607027
2013052903,506.2590581177367
2013052904,506.3089692949395
2013052905,506.3588853927962
2013052906,506.40880641179194
2013052907,506.45873235241186
2013052908,506.50866321514115
2013052909,506.5585990004651
2013052910,506.6085397088691
2013052911,506.65848534083835
2013052912,506.70843589685836
2013052913,506.75839137741457
2013052914,506.8083517829925
2013052915,506.85831711407764
2013052916,506.9082873711556
2013052917,506.95826255471206
2013052918,507.0082426652327
2013052919,507.0582277032032
2013052920,507.1082176691095
2013052921,507.15821256343725
2013052922,507.20821238667247
2013052923,507.258217139301
2013053000,507.3082268218089
2013053001,507.35824143468216
2013053002,507.4082609784069
2013053003,507.45828545346916
2013053004,507.50831486035514
2013053005,507.5583491995511
2013053006,507.6083884715433
2013053007,507.65843267681805
2013053008,507.70848181586166
2013053009,507.7585358891606
2013053010,507.8085948972013
2013053011,507.8586588404703
2013053012,507.90872771945413
2013053013,507.9588015346394
2013053014,508.00888028651275
2013053015,508.0589639755609
2013053016,508.1090526022706
2013053017,508.1591461671286
2013053018,508.2092446706218
2013053019,508.2593481132371
2013053020,508.30945649546135
2013053021,508.3595698177816
2013053022,508.4096880806849
2013053023,508.45981128465826
2013053100,508.5099394301889
2013053101,508.560072517764
2013053102,508.6102105478707
2013053103,508.66035352099635
2013053104,508.71050143762824
2013053105,508.76065429825377
2013053106,508.81081210336026
2013053107,508.8609748534353
2013053108,508.91114254896644
2013053109,508.9613151904411
2013053110,509.01149277834696
2013053111,509.0616753131717
2013053112,509.11186279540294
2013053113,509.16205522552855
2013053114,509.2122526040363
2013053115,509.262454931414
2013053116,509.3126622081496
2013053117,509.362874434731
2013053118,509.4130916116462
2013053119,509.46331373938335
2013053120,509.51354081843044
2013053121,509.5637728492756
2013053122,509.6140098324071
2013053123,509.664251768313
2013060100,509.71449865748184
2013060101,509.76475050040176
2013060102,509.81500729756124
2013060103,509.86526904944867
2013060104,509.9155357565525
2013060105,509.96580741936134
2013060106,510.0160840383637
2013060107,510.0663656140482
2013060108,510.11665214690356
2013060109,510.16694363741846
2013060110,510.2172400860817
2013060111,510.267541493382
2013060112,510.3178478598083
2013060113,510.36815918584955
2013060114,510.4184754719946
2013060115,510.46879671873256
2013060116,510.5191229265525
2013060117,510.56945409594334
2013060118,510.61979022739445
2013060119,510.67013132139493
2013060120,510.72047737843405
2013060121,510.77082839900106
2013060122,510.8211843835854
2013060123,510.87154533267636
2013060200,510.92191124676344
2013060201,510.97228212633615
2013060202,511.022657971884
2013060203,511.07303878389655
2013060204,511.1234245628634
2013060205,511.1738153092744
2013060206,511.22421102361915
2013060207,511.2746117063874
2013060208,511.3250173580691
2013060209,511.37542797915404
2013060210,511.42584357013214
2013060211,511.4762641314934
2013060212,511.52668966372784
2013060213,511.5771201673255
2013060214,511.6275556427766
2013060215,511.6779960905712
2013060216,511.7284415111995
2013060217,511.77889190515185
2013060218,511.8293472729185
2013060219,511.87980761498983
2013060220,511.9302729318562
2013060221,511.9807432240082
2013060222,512.0312184919362
2013060223,512.0816987361309
2013060300,512.1321839570827
2013060301,512.1826741552823
2013060302,512.2331693312206
2013060303,512.283669485388
2013060304,512.3341746182756
2013060305,512.3846847303741
2013060306,512.4351998221745
2013060307,512.4857198941677
2013060308,512.5362449468445
2013060309,512.5867749806962
2013060310,512.6373099962137
2013060311,512.6878499938882
2013060312,512.738394974211
2013060313,512.7889449376731
2013060314,512.839499884766
2013060315,512.8900598159809
2013060316,512.9406247318092
2013060317,512.9911946327423
2013060318,513.0417695192717
2013060319,513.092349391889
2013060320,513.1429342510855
2013060321,513.1935240973532
2013060322,513.2441189311835
2013060323,513.2947187530682
2013060400,513.345323563499
2013060401,513.3959333629679
2013060402,513.4465481519665
2013060403,513.4971679309868
2013060404,513.547792700521
2013060405,513.5984224610606
2013060406,513.6490572130982
2013060407,513.6996969571255
2013060408,513.7503416936349
2013060409,513.8009914231185
2013060410,513.8516461460686
2013060411,513.9023058629773
2013060412,513.9529705743372
2013060413,514.0036402806405
2013060414,514.0543149823799
2013060415,514.1049946800475
2013060416,514.1556793741362
2013060417,514.2063690651385
2013060418,514.2570637535468
2013060419,514.3077634398542
2013060420,514.358468124553
2013060421,514.4091778081364
2013060422,514.4598924910969
2013060423,514.5106121739275
2013060500,514.5613368571212
2013060501,514.6120665411709
2013060502,514.6628012265695
2013060503,514.7135409138103
2013060504,514.7642856033863
2013060505,514.8150352957907
2013060506,514.8657899915167
2013060507,514.9165496910576
2013060508,514.9673143949068
2013060509,515.0180841035575
2013060510,515.0688588175032
2013060511,515.1196385372373
2013060512,515.1704232632534
2013060513,515.221212996045
2013060514,515.2720077361058
2013060515,515.3228074839293
2013060516,515.3736122400094
2013060517,515.4244220048396
2013060518,515.475236778914
2013060519,515.5260565627261
2013060520,515.5768813567702
2013060521,515.62771116154
2013060522,515.6785459775296
2013060523,515.7293858052329
2013060600,515.7802306451442
2013060601,515.8310804977575
2013060602,515.881935363567
2013060603,515.9327952430671
2013060604,515.9836601367518
2013060605,516.0345300451156
2013060606,516.085404968653
2013060607,516.1362849078583
2013060608,516.1871698632261
2013060609,516.2380598352507
2013060610,516.288954824427
2013060611,516.3398548312495
2013060612,516.3907598562126
2013060613,516.4416698998115
2013060614,516.4925849625406
2013060615,516.543505044895
2013060616,516.5944301473695
2013060617,516.6453602704588
2013060618,516.6962954146583
2013060619,516.7472355804626
2013060620,516.798180768367
2013060621,516.8491309788666
2013060622,516.9000862124565
2013060623,516.9510464696319
2013060700,517.0020117508883
2013060701,517.0529820567207
2013060702,517.1039573876246
2013060703,517.1549377440955
2013060704,517.2059231266287
2013060705,517.2569135357198
2013060706,517.3079089718644
2013060707,517.3589094355581
2013060708,517.4099149272964
2013060709,517.4609254475752
2013060710,517.5119409968901
2013060711,517.5629615757371
2013060712,517.6139871846118
2013060713,517.6650178240103
2013060714,517.7160534944285
2013060715,517.7670941963623
2013060716,517.8181399303079
2013060717,517.8691906967613
2013060718,517.9202464962186
2013060719,517.9713073291762
2013060720,518.0223731961302
2013060721,518.0734440975767
2013060722,518.1245200340124
2013060723,518.1756010059336
2013060800,518.2266870138367
2013060801,518.277778058218
2013060802,518.3288741395743
2013060803,518.379975258402
2013060804,518.4310814151979
2013060805,518.4821926104587
2013060806,518.533308844681
2013060807,518.5844301183615
2013060808,518.6355564319972
2013060809,518.6866877860849
2013060810,518.7378241811217
2013060811,518.7889656176043
2013060812,518.84011209603
2013060813,518.8912636168957
2013060814,518.9424201806985
2013060815,518.9935817879357
2013060816,519.0447484391044
2013060817,519.095920134702
2013060818,519.1470968752258
2013060819,519.198278661173
2013060820,519.2494654930414
2013060821,519.300657371328
2013060822,519.3518542965306
2013060823,519.4030562691466
2013060900,519.4542632896739
2013060901,519.5054753586099
2013060902,519.5566924764524
2013060903,519.6079146436991
2013060904,519.659141860848
2013060905,519.7103741283968
2013060906,519.7616114468434
2013060907,519.8128538166858
2013060908,519.864101238422
2013060909,519.9153537125501
2013060910,519.9666112395681
2013060911,520.0178738199743
2013060912,520.0691414542669
2013060913,520.1204141429439
2013060914,520.1716918865039
2013060915,520.2229746854451
2013060916,520.274262540266
2013060917,520.325555451465
2013060918,520.3768534195406
2013060919,520.4281564449913
2013060920,520.4794645283157
2013060921,520.5307776700125
2013060922,520.5820958705804
2013060923,520.6334191305182
2013061000,520.6847474503245
2013061001,520.7360808304983
2013061002,520.7874192715384
2013061003,520.8387627739439
2013061004,520.8901113382136
2013061005,520.9414649648467
2013061006,520.9928236543421
2013061007,521.0441874071993
2013061008,521.095556223917
2013061009,521.1469301049948
2013061010,521.1983090509318
2013061011,521.2496930622275
2013061012,521.3010821393812
2013061013,521.3524762828921
2013061014,521.4038754932601
2013061015,521.4552797709845
2013061016,521.5066891165649
2013061017,521.558103530501
2013061018,521.6095230132923
2013061019,521.6609475654388
2013061020,521.7123771874401
2013061021,521.763811879796
2013061022,521.8152516430065
2013061023,521.8666964775715
2013061100,521.9181463839909
2013061101,521.9696013627647
2013061102,522.0210614143932
2013061103,522.0725265393762
2013061104,522.1239967382141
2013061105,522.1754720114071
2013061106,522.2269523594555
2013061107,522.2784377828594
2013061108,522.3299282821195
2013061109,522.381423857736
2013061110,522.4329245102093
2013061111,522.4844302400401
2013061112,522.5359410477289
2013061113,522.5874569337764
2013061114,522.638977898683
2013061115,522.6905039429497
2013061116,522.7420350670772
2013061117,522.7935712715662
2013061118,522.8451125569177
2013061119,522.8966589236326
2013061120,522.9482103722117
2013061121,522.9997669031562
2013061122,523.0513285169671
2013061123,523.1028952141455
2013061200,523.1544669951925
2013061201,523.2060438606095
2013061202,523.2576258108975
2013061203,523.309212846558
2013061204,523.3608049680922
2013061205,523.4124021760018
2013061206,523.4640044707879
2013061207,523.5156118529522
2013061208,523.5672243229963
2013061209,523.6188418814216
2013061210,523.67046452873
2013061211,523.722092265423
2013061212,523.7737250920026
2013061213,523.8253630089703
2013061214,523.8770060168281
2013061215,523.9286541160778
2013061216,523.9803073072216
2013061217,524.0319655907613
2013061218,524.083628967199
2013061219,524.1352974370368
2013061220,524.1869710007769
2013061221,524.2386496589213
2013061222,524.2903334119726
2013061223,524.3420222604327
2013061300,524.3937162048043
2013061301,524.4454152455895
2013061302,524.497119383291
2013061303,524.5488286184111
2013061304,524.6005429514524
2013061305,524.6522623829176
2013061306,524.7039869133092
2013061307,524.75571654313
2013061308,524.8074512728826
2013061309,524.85919110307
2013061310,524.910936034195
2013061311,524.9626860667603
2013061312,525.0144412012689
2013061313,525.0662014382241
2013061314,525.1179667781286
2013061315,525.1697372214855
2013061316,525.2215127687981
2013061317,525.2732934205695
2013061318,525.325079177303
2013061319,525.3768700395019
2013061320,525.4286660076694
2013061321,525.480467082309
2013061322,525.5322732639241
2013061323,525.5840845530183
2013061400,525.635900950095
2013061401,525.6877224556579
2013061402,525.7395490702104
2013061403,525.7913807942565
2013061404,525.8432176282997
2013061405,525.8950595728439
2013061406,525.9469066283929
2013061407,525.9987587954506
2013061408,526.0506160745209
2013061409,526.1024784661079
2013061410,526.1543459707154
2013061411,526.2062185888477
2013061412,526.2580963210089
2013061413,526.3099791677032
2013061414,526.3618671294347
2013061415,526.4137602067077
2013061416,526.4656584000268
2013061417,526.517561709896
2013061418,526.5694701368199
2013061419,526.6213836813031
2013061420,526.6733023438499
2013061421,526.725226124965
2013061422,526.7771550251531
2013061423,526.8290890449189
2013061500,526.8810281847668
2013061501,526.932972445202
2013061502,526.9849218267291
2013061503,527.036876329853
2013061504,527.0888359550787
2013061505,527.1408007029112
2013061506,527.1927705738553
2013061507,527.2447455684164
2013061508,527.2967256870994
2013061509,527.3487109304097
2013061510,527.4007012988521
2013061511,527.4526967929323
2013061512,527.5046974131556
2013061513,527.556703160027
2013061514,527.6087140340525
2013061515,527.6607300357371
2013061516,527.7127511655864
2013061517,527.7647774241062
2013061518,527.8168088118019
2013061519,527.8688453291794
2013061520,527.9208869767442
2013061521,527.9729337550021
2013061522,528.0249856644592
2013061523,528.077042705621
2013061600,528.1291048789938
2013061601,528.1811721850831
2013061602,528.2332446243954
2013061603,528.2853221974366
2013061604,528.3374049047127
2013061605,528.38949274673
2013061606,528.4415857239948
2013061607,528.4936838370131
2013061608,528.5457870862915
2013061609,528.5978954723363
2013061610,528.6500089956538
2013061611,528.7021276567507
2013061612,528.7542514561333
2013061613,528.8063803943083
2013061614,528.8585144717823
2013061615,528.9106536890621
2013061616,528.9627980466541
2013061617,529.0149475450654
2013061618,529.0671021848026
2013061619,529.1192619663727
2013061620,529.1714268902826
2013061621,529.2235969570394
2013061622,529.2757721671499
2013061623,529.3279525211212
2013061700,529.3801380194606
2013061701,529.432328662675
2013061702,529.4845244512719
2013061703,529.5367253857585
2013061704,529.5889314666421
2013061705,529.64114269443
2013061706,529.6933590696297
2013061707,529.7455805927485
2013061708,529.7978072642943
2013061709,529.8500390847744
2013061710,529.9022760546965
2013061711,529.9545181745682
2013061712,530.0067654448973
2013061713,530.0590178661915
2013061714,530.1112754389588
2013061715,530.1635381637069
2013061716,530.2158060409438
2013061717,530.2680790711775
2013061718,530.3203572549158
2013061719,530.372640592667
2013061720,530.4249290849393
2013061721,530.4772227322406
2013061722,530.5295215350794
2013061723,530.5818254939638
2013061800,530.6341346094023
2013061801,530.6864488819031
2013061802,530.7387683119746
2013061803,530.7910929001254
2013061804,530.8434226468639
2013061805,530.8957575526988
2013061806,530.9480976181387
2013061807,531.0004428436923
2013061808,531.0527932298683
2013061809,531.1051487771754
2013061810,531.1575094861225
2013061811,531.2098753572185
2013061812,531.2622463909722
2013061813,531.3146225878928
2013061814,531.3670039484891
2013061815,531.4193904732703
2013061816,531.4717821627455
2013061817,531.5241790174239
2013061818,531.5765810378147
2013061819,531.6289882244272
2013061820,531.6814005777707
2013061821,531.7338180983546
2013061822,531.7862407866883
2013061823,531.8386686432814
2013061900,531.8911016686432
2013061901,531.9435398632835
2013061902,531.9959832277118
2013061903,532.0484317624378
2013061904,532.1008854679714
2013061905,532.153344344822
2013061906,532.2058083934998
2013061907,532.2582776145146
2013061908,532.3107520083762
2013061909,532.3632315755946
2013061910,532.41571631668
2013061911,532.4682062321423
2013061912,532.5207013224917
2013061913,532.5732015882385
2013061914,532.6257070298927
2013061915,532.6782176479647
2013061916,532.730733442965
2013061917,532.7832544154037
2013061918,532.8357805657913
2013061919,532.8883118946385
2013061920,532.9408484024556
2013061921,532.9933900897532
2013061922,533.045936957042
2013061923,533.0984890048328
2013062000,533.1510462336362
2013062001,533.2036086439629
2013062002,533.2561762363239
2013062003,533.30874901123
2013062004,533.3613269691923
2013062005,533.4139101107215
2013062006,533.466498436329
2013062007,533.5190919465255
2013062008,533.5716906418223
2013062009,533.6242945227308
2013062010,533.6769035897619
2013062011,533.7295178434271
2013062012,533.7821372842377
2013062013,533.8347619127051
2013062014,533.8873917293406
2013062015,533.9400267346559
2013062016,533.9926669291625
2013062017,534.0453123133719
2013062018,534.0979628877958
2013062019,534.1506186529459
2013062020,534.2032796093339
2013062021,534.2559457574716
2013062022,534.308617097871
2013062023,534.3612936310437
2013062100,534.4139753575018
2013062101,534.4666622777575
2013062102,534.5193543923225
2013062103,534.5720517017091
2013062104,534.6247542064294
2013062105,534.6774619069956
2013062106,534.73017480392
2013062107,534.7828928977149
2013062108,534.8356161888925
2013062109,534.8883446779653
2013062110,534.9410783654457
2013062111,534.9938172518464
2013062112,535.0465613376797
2013062113,535.0993106234583
2013062114,535.152065109695
2013062115,535.2048247969021
2013062116,535.2575896855928
2013062117,535.3103597762798
2013062118,535.3631350694758
2013062119,535.4159155656937
2013062120,535.4687012654466
2013062121,535.5214921692475
2013062122,535.5742882776094
2013062123,535.6270895910454
2013062200,535.6798961100687
2013062201,535.7327078351924
2013062202,535.7855247669299
2013062203,535.8383469057945
2013062204,535.8911742522995
2013062205,535.9440068069583
2013062206,535.9968445702845
2013062207,536.0496875427914
2013062208,536.1025357249927
2013062209,536.1553891174019
2013062210,536.2082477205328
2013062211,536.2611115348991
2013062212,536.3139805610145
2013062213,536.3668547993929
2013062214,536.419734250548
2013062215,536.472618914994
2013062216,536.5255087932445
2013062217,536.5784038858139
2013062218,536.631304193216
2013062219,536.684209715965
2013062220,536.7371204545752
2013062221,536.7900364095607
2013062222,536.8429575814357
2013062223,536.8958839707146
2013062300,536.9488155779118
2013062301,537.0017524035417
2013062302,537.0546944481188
2013062303,537.1076417121576
2013062304,537.1605941961727
2013062305,537.2135519006787
2013062306,537.2665148261904
2013062307,537.3194829732222
2013062308,537.3724563422893
2013062309,537.4254349339062
2013062310,537.478418748588
2013062311,537.5314077868495
2013062312,537.5844020492058
2013062313,537.6374015361718
2013062314,537.6904062482627
2013062315,537.7434161859935
2013062316,537.7964313498795
2013062317,537.849451740436
2013062318,537.9024773581781
2013062319,537.9555082036213
2013062320,538.008544277281
2013062321,538.0615855796724
2013062322,538.1146321113113
2013062323,538.1676838727129
2013062400,538.2207408643932
2013062401,538.2738030868676
2013062402,538.3268705406517
2013062403,538.3799432262615
2013062404,538.4330211442127
2013062405,538.486104295021
2013062406,538.5391926792025
2013062407,538.5922862972731
2013062408,538.6453851497488
2013062409,538.6984892371455
2013062410,538.7515985599795
2013062411,538.8047131187668
2013062412,538.8578329140237
2013062413,538.9109579462665
2013062414,538.9640882160114
2013062415,539.0172237237748
2013062416,539.0703644700731
2013062417,539.1235104554227
2013062418,539.1766616803402
2013062419,539.229818145342
2013062420,539.282979850945
2013062421,539.3361467976657
2013062422,539.3893189860207
2013062423,539.442496416527
2013062500,539.4956790897012
2013062501,539.5488670060603
2013062502,539.6020601661212
2013062503,539.6552585704007
2013062504,539.7084622194161
2013062505,539.7616711136842
2013062506,539.8148852537223
2013062507,539.8681046400476
2013062508,539.9213292731771
2013062509,539.9745591536283
2013062510,540.0277942819184
2013062511,540.0810346585648
2013062512,540.134280284085
2013062513,540.1875311589963
2013062514,540.2407872838164
2013062515,540.2940486590628
2013062516,540.3473152852531
2013062517,540.4005871629051
2013062518,540.4538642925365
2013062519,540.507146674665
2013062520,540.5604343098084
2013062521,540.6137271984849
2013062522,540.667025341212
2013062523,540.7203287385079
2013062600,540.7736373908907
2013062601,540.8269512988784
2013062602,540.8802704629891
2013062603,540.9335948837411
2013062604,540.9869245616526
2013062605,541.0402594972419
2013062606,541.0935996910273
2013062607,541.1469451435272
2013062608,541.2002958552602
2013062609,541.2536518267445
2013062610,541.3070130584989
2013062611,541.3603795510419
2013062612,541.4137513048922
2013062613,541.4671283205686
2013062614,541.5205105985896
2013062615,541.5738981394741
2013062616,541.6272909437411
2013062617,541.6806890119093
2013062618,541.7340923444979
2013062619,541.7875009420256
2013062620,541.8409148050117
2013062621,541.8943339339753
2013062622,541.9477583294355
2013062623,542.0011879919115
2013062700,542.0546229219225
2013062701,542.1080631199881
2013062702,542.1615085866273
2013062703,542.2149593223597
2013062704,542.2684153277048
2013062705,542.3218766031821
2013062706,542.3753431493111
2013062707,542.4288149666115
2013062708,542.482292055603
2013062709,542.5357744168053
2013062710,542.5892620507382
2013062711,542.6427549579213
2013062712,542.6962531388748
2013062713,542.7497565941185
2013062714,542.8032653241723
2013062715,542.8567793295564
2013062716,542.9102986107908
2013062717,542.9638231683956
2013062718,543.0173530028911
2013062719,543.0708881147974
2013062720,543.1244285046349
2013062721,543.1779741729239
2013062722,543.2315251201848
2013062723,543.285081346938
2013062800,543.3386428537041
2013062801,543.3922096410034
2013062802,543.4457817093569
2013062803,543.4993590592849
2013062804,543.5529416913083
2013062805,543.6065296059477
2013062806,543.6601228037241
2013062807,543.7137212851582
2013062808,543.7673250507709
2013062809,543.8209341010831
2013062810,543.8745484366161
2013062811,543.9281680578907
2013062812,543.9817929654281
2013062813,544.0354231597495
2013062814,544.089058641376
2013062815,544.1426994108289
2013062816,544.1963454686296
2013062817,544.2499968152994
2013062818,544.3036534513598
2013062819,544.357315377332
2013062820,544.4109825937379
2013062821,544.464655101099
2013062822,544.5183328999367
2013062823,544.5720159907728
2013062900,544.625704374129
2013062901,544.6793980505272
2013062902,544.7330970204891
2013062903,544.7868012845366
2013062904,544.8405108431919
2013062905,544.8942256969765
2013062906,544.9479458464127
2013062907,545.0016712920227
2013062908,545.0554020343285
2013062909,545.1091380738523
2013062910,545.1628794111163
2013062911,545.2166260466428
2013062912,545.2703779809542
2013062913,545.3241352145731
2013062914,545.3778977480215
2013062915,545.4316655818222
2013062916,545.4854387164978
2013062917,545.5392171525707
2013062918,545.5930008905638
2013062919,545.6467899309995
2013062920,545.7005842744007
2013062921,545.7543839212904
2013062922,545.8081888721911
2013062923,545.861999127626
2013063000,545.915814688118
2013063001,545.96963555419
2013063002,546.0234617263652
2013063003,546.0772932051666
2013063004,546.1311299911175
2013063005,546.184972084741
2013063006,546.2388194865606
2013063007,546.2926721970994
2013063008,546.3465302168808
2013063009,546.4003935464283
2013063010,546.4542621862653
2013063011,546.5081361369154
2013063012,546.5620153989022
2013063013,546.6158999727493
2013063014,546.6697898589803
2013063015,546.723685058119
2013063016,546.7775855706894
2013063017,546.831491397215
2013063018,546.88540253822
2013063019,546.9393189942281
2013063020,546.9932407657634
2013063021,547.04716785335
2013063022,547.1011002575118
2013063023,547.1550379787732
2013070100,547.2089810176583
2013070101,547.2629293746912
2013070102,547.3168830503965
2013070103,547.3708420452984
2013070104,547.4248063599214
2013070105,547.4787759947898
2013070106,547.5327509504282
2013070107,547.5867312273612
2013070108,547.6407168261134
2013070109,547.6947077472093
2013070110,547.7487039911739
2013070111,547.8027055585319
2013070112,547.856712449808
2013070113,547.9107246655271
2013070114,547.9647422062143
2013070115,548.0187650723943
2013070116,548.0727932645924
2013070117,548.1268267833335
2013070118,548.1808656291428
2013070119,548.2349098025455
2013070120,548.2889593040668
2013070121,548.343014134232
2013070122,548.3970742935666
2013070123,548.4511397825956
2013070200,548.5052106018449
2013070201,548.5592867518397
2013070202,548.6133682331057
2013070203,548.6674550461684
2013070204,548.7215471915534
2013070205,548.7756446697866
2013070206,548.8297474813936
2013070207,548.8838556269003
2013070208,548.9379691068325
2013070209,548.9920879217161
2013070210,549.0462120720772
2013070211,549.1003415584416
2013070212,549.1544763813356
2013070213,549.2086165412851
2013070214,549.2627620388163
2013070215,549.3169128744556
2013070216,549.371069048729
2013070217,549.4252305621632
2013070218,549.4793974152843
2013070219,549.5335696086188
2013070220,549.5877471426932
2013070221,549.6419300180339
2013070222,549.6961182351677
2013070223,549.7503117946211
2013070300,549.8045106969208
2013070301,549.8587149425936
2013070302,549.9129245321662
2013070303,549.9671394661656
2013070304,550.0213597451186
2013070305,550.0755853695522
2013070306,550.1298163399932
2013070307,550.1840526569689
2013070308,550.2382943210064
2013070309,550.2925413326326
2013070310,550.346793692375
2013070311,550.4010514007607
2013070312,550.455314458317
2013070313,550.5095828655715
2013070314,550.5638566230513
2013070315,550.6181357312839
2013070316,550.6724201907971
2013070317,550.7267100021182
2013070318,550.7810051657751
2013070319,550.8353056822951
2013070320,550.8896115522062
2013070321,550.9439227760362
2013070322,550.9982393543128
2013070323,551.0525612875639
2013070400,551.1068885763175
2013070401,551.1612212211015
2013070402,551.2155592224441
2013070403,551.2699025808732
2013070404,551.3242512969172
2013070405,551.378605371104
2013070406,551.432964803962
2013070407,551.4873295960194
2013070408,551.5416997478048
2013070409,551.5960752598464
2013070410,551.6504561326727
2013070411,551.7048423668123
2013070412,551.7592339627936
2013070413,551.8136309211452
2013070414,551.868033242396
2013070415,551.9224409270745
2013070416,551.9768539757097
2013070417,552.0312723888301
2013070418,552.0856961669648
2013070419,552.1401253106427
2013070420,552.1945598203927
2013070421,552.2489996967439
2013070422,552.3034449402254
2013070423,552.3578955513664
2013070500,552.4123515306959
2013070501,552.4668128787432
2013070502,552.5212795960376
2013070503,552.5757516831086
2013070504,552.6302291404854
2013070505,552.6847119686975
2013070506,552.7392001682745
2013070507,552.7936937397458
2013070508,552.8481926836411
2013070509,552.90269700049
2013070510,552.9572066908222
2013070511,553.0117217551675
2013070512,553.0662421940558
2013070513,553.120768008017
2013070514,553.1752991975807
2013070515,553.2298357632772
2013070516,553.2843777056363
2013070517,553.3389250251882
2013070518,553.3934777224631
2013070519,553.448035797991
2013070520,553.5025992523023
2013070521,553.5571680859271
2013070522,553.6117422993958
2013070523,553.6663218932389
2013070600,553.7209068679869
2013070601,553.77549722417
2013070602,553.8300929623189
2013070603,553.8846940829642
2013070604,553.9393005866366
2013070605,553.9939124738668
2013070606,554.0485297451855
2013070607,554.1031524011235
2013070608,554.1577804422117
2013070609,554.212413868981
2013070610,554.2670526819624
2013070611,554.3216968816868
2013070612,554.3763464686853
2013070613,554.4310014434892
2013070614,554.4856618066294
2013070615,554.5403275586374
2013070616,554.5949987000442
2013070617,554.6496752313815
2013070618,554.7043571531804
2013070619,554.7590444659722
2013070620,554.8137371702887
2013070621,554.8684352666614
2013070622,554.9231387556218
2013070623,554.9778476377015
2013070700,555.0325619134323
2013070701,555.087281583346
2013070702,555.1420066479743
2013070703,555.196737107849
2013070704,555.2514729635021
2013070705,555.3062142154655
2013070706,555.3609608642713
2013070707,555.4157129104516
2013070708,555.4704703545383
2013070709,555.5252331970637
2013070710,555.5800014385601
2013070711,555.6347750795597
2013070712,555.6895541205948
2013070713,555.7443385621979
2013070714,555.7991284049012
2013070715,555.8539236492375
2013070716,555.908724295739
2013070717,555.9635303449386
2013070718,556.0183417973687
2013070719,556.0731586535621
2013070720,556.1279809140516
2013070721,556.1828085793699
2013070722,556.2376416500499
2013070723,556.2924801266245
2013070800,556.3473240096266
2013070801,556.4021732995893
2013070802,556.4570279970457
2013070803,556.5118881025288
2013070804,556.5667536165718
2013070805,556.6216245397079
2013070806,556.6765008724705
2013070807,556.7313826153927
2013070808,556.7862697690081
2013070809,556.84116233385
2013070810,556.8960603104518
2013070811,556.9509636993473
2013070812,557.00587250107
2013070813,557.0607867161534
2013070814,557.1157063451312
2013070815,557.1706313885373
2013070816,557.2255618469055
2013070817,557.2804977207695
2013070818,557.3354390106633
2013070819,557.3903857171209
2013070820,557.4453378406762
2013070821,557.5002953818632
2013070822,557.5552583412162
2013070823,557.6102267192693
2013070900,557.6652005165568
2013070901,557.7201797336128
2013070902,557.7751643709717
2013070903,557.8301544291679
2013070904,557.8851499087358
2013070905,557.9401508102098
2013070906,557.9951571341247
2013070907,558.0501688810149
2013070908,558.105186051415
2013070909,558.1602086458598
2013070910,558.2152366648841
2013070911,558.2702701090224
2013070912,558.3253089788099
2013070913,558.3803532747813
2013070914,558.4354029974717
2013070915,558.490458147416
2013070916,558.5455187251492
2013070917,558.6005847312066
2013070918,558.6556561661233
2013070919,558.7107330304345
2013070920,558.7658153246755
2013070921,558.8209030493815
2013070922,558.8759962050881
2013070923,558.9310947923306
2013071000,558.9861988116444
2013071001,559.0413082635652
2013071002,559.0964231486284
2013071003,559.15154346737
2013071004,559.2066692203254
2013071005,559.2618004080304
2013071006,559.3169370310208
2013071007,559.3720790898325
2013071008,559.4272265850013
2013071009,559.4823795170635
2013071010,559.5375378865546
2013071011,559.592701694011
2013071012,559.6478709399688
2013071013,559.703045624964
2013071014,559.7582257495332
2013071015,559.8134113142122
2013071016,559.8686023195376
2013071017,559.9237987660457
2013071018,559.979000654273
2013071019,560.034207984756
2013071020,560.0894207580311
2013071021,560.1446389746351
2013071022,560.1998626351045
2013071023,560.2550917399761
2013071100,560.3103262897866
2013071101,560.3655662850728
2013071102,560.4208117263715
2013071103,560.4760626142197
2013071104,560.5313189491544
2013071105,560.5865807317126
2013071106,560.6418479624313
2013071107,560.6971206418476
2013071108,560.7523987704988
2013071109,560.807682348922
2013071110,560.8629713776546
2013071111,560.9182658572339
2013071112,560.9735657881972
2013071113,561.0288711710822
2013071114,561.0841820064261
2013071115,561.1394982947666
2013071116,561.1948200366411
2013071117,561.2501472325876
2013071118,561.3054798831436
2013071119,561.3608179888469
2013071120,561.4161615502352
2013071121,561.4715105678465
2013071122,561.5268650422187
2013071123,561.5822249738898
2013071200,561.6375903633977
2013071201,561.6929612112806
2013071202,561.7483375180766
2013071203,561.803719284324
2013071204,561.8591065105608
2013071205,561.9144991973253
2013071206,561.969897345156
2013071207,562.0253009545913
2013071208,562.0807100261696
2013071209,562.1361245604294
2013071210,562.1915445579093
2013071211,562.2469700191477
2013071212,562.3024009446837
2013071213,562.3578373350555
2013071214,562.4132791908022
2013071215,562.4687265124625
2013071216,562.5241793005753
2013071217,562.5796375556796
2013071218,562.6351012783142
2013071219,562.6905704690183
2013071220,562.7460451283309
2013071221,562.8015252567914
2013071222,562.8570108549385
2013071223,562.9125019233118
2013071300,562.9679984624505
2013071301,563.023500472894
2013071302,563.0790079551817
2013071303,563.134520909853
2013071304,563.1900393374475
2013071305,563.2455632385047
2013071306,563.3010926135642
2013071307,563.3566274631656
2013071308,563.412167787849
2013071309,563.4677135881536
2013071310,563.5232648646197
2013071311,563.5788216177871
2013071312,563.6343838481955
2013071313,563.6899515563852
2013071314,563.7455247428959
2013071315,563.8011034082681
2013071316,563.8566875530416
2013071317,563.9122771777569
2013071318,563.967872282954
2013071319,564.0234728691734
2013071320,564.0790789369553
2013071321,564.1346904868402
2013071322,564.1903075193686
2013071323,564.245930035081
2013071400,564.3015580345179
2013071401,564.3571915182201
2013071402,564.4128304867282
2013071403,564.468474940583
2013071404,564.5241248803251
2013071405,564.5797803064954
2013071406,564.635441219635
2013071407,564.6911076202847
2013071408,564.7467795089855
2013071409,564.8024568862784
2013071410,564.8581397527046
2013071411,564.9138281088052
2013071412,564.9695219551215
2013071413,565.0252212921948
2013071414,565.0809261205662
2013071415,565.1366364407775
2013071416,565.1923522533696
2013071417,565.2480735588844
2013071418,565.3038003578632
2013071419,565.3595326508477
2013071420,565.4152704383796
2013071421,565.4710137210004
2013071422,565.526762499252
2013071423,565.5825167736762
2013071500,565.6382765448149
2013071501,565.6940418132098
2013071502,565.749812579403
2013071503,565.8055888439367
2013071504,565.8613706073526
2013071505,565.9171578701931
2013071506,565.9729506330003
2013071507,566.0287488963165
2013071508,566.0845526606838
2013071509,566.1403619266448
2013071510,566.1961766947417
2013071511,566.2519969655169
2013071512,566.3078227395131
2013071513,566.3636540172727
2013071514,566.4194907993383
2013071515,566.4753330862527
2013071516,566.5311808785584
2013071517,566.5870341767984
2013071518,566.6428929815154
2013071519,566.6987572932524
2013071520,566.754627112552
2013071521,566.8105024399575
2013071522,566.8663832760118
2013071523,566.922269621258
2013071600,566.9781614762394
2013071601,567.0340588414989
2013071602,567.08996171758
2013071603,567.1458701050258
2013071604,567.2017840043798
2013071605,567.2577034161853
2013071606,567.3136283409859
2013071607,567.3695587793251
2013071608,567.4254947317464
2013071609,567.4814361987934
2013071610,567.5373831810099
2013071611,567.5933356789394
2013071612,567.649293693126
2013071613,567.7052572241132
2013071614,567.7612262724451
2013071615,567.8172008386657
2013071616,567.8731809233188
2013071617,567.9291665269486
2013071618,567.9851576500993
2013071619,568.0411542933148
2013071620,568.0971564571394
2013071621,568.1531641421175
2013071622,568.2091773487932
2013071623,568.265196077711
2013071700,568.3212203294155
2013071701,568.3772501044509
2013071702,568.4332854033619
2013071703,568.4893262266929
2013071704,568.5453725749887
2013071705,568.6014244487941
2013071706,568.6574818486537
2013071707,568.7135447751123
2013071708,568.7696132287148
2013071709,568.825687210006
2013071710,568.881766719531
2013071711,568.9378517578349
2013071712,568.9939423254625
2013071713,569.0500384229591
2013071714,569.10614005087
2013071715,569.1622472097401
2013071716,569.2183599001149
2013071717,569.2744781225399
2013071718,569.3306018775602
2013071719,569.3867311657214
2013071720,569.4428659875689
2013071721,569.4990063436483
2013071722,569.5551522345053
2013071723,569.6113036606855
2013071800,569.6674606227346
2013071801,569.7236231211983
2013071802,569.7797911566227
2013071803,569.8359647295533
2013071804,569.8921438405363
2013071805,569.9483284901177
2013071806,570.0045186788433
2013071807,570.0607144072594
2013071808,570.1169156759121
2013071809,570.1731224853476
2013071810,570.2293348361121
2013071811,570.285552728752
2013071812,570.3417761638136
2013071813,570.3980051418434
2013071814,570.4542396633879
2013071815,570.5104797289933
2013071816,570.5667253392065
2013071817,570.6229764945741
2013071818,570.6792331956427
2013071819,570.7354954429592
2013071820,570.7917632370701
2013071821,570.8480365785225
2013071822,570.9043154678633
2013071823,570.9605999056392
2013071900,571.0168898923976
2013071901,571.0731854286852
2013071902,571.1294865150493
2013071903,571.185793152037
2013071904,571.2421053401956
2013071905,571.2984230800724
2013071906,571.3547463722147
2013071907,571.4110752171698
2013071908,571.4674096154853
2013071909,571.5237495677085
2013071910,571.5800950743871
2013071911,571.6364461360687
2013071912,571.692802753301
2013071913,571.7491649266315
2013071914,571.8055326566081
2013071915,571.8619059437787
2013071916,571.918284788691
2013071917,571.9746691918931
2013071918,572.0310591539328
2013071919,572.0874546753583
2013071920,572.1438557567177
2013071921,572.2002623985591
2013071922,572.2566746014305
2013071923,572.3130923658804
2013072000,572.3695156924571
2013072001,572.4259445817088
2013072002,572.482379034184
2013072003,572.5388190504312
2013072004,572.5952646309989
2013072005,572.6517157764357
2013072006,572.7081724872901
2013072007,572.764634764111
2013072008,572.821102607447
2013072009,572.8775760178469
2013072010,572.9340549958595
2013072011,572.9905395420338
2013072012,573.0470296569188
2013072013,573.1035253410633
2013072014,573.1600265950166
2013072015,573.2165334193277
2013072016,573.2730458145458
2013072017,573.3295637812199
2013072018,573.3860873198997
2013072019,573.4426164311343
2013072020,573.4991511154731
2013072021,573.5556913734655
2013072022,573.612237205661
2013072023,573.6687886126093
2013072100,573.72534559486
2013072101,573.7819081529625
2013072102,573.8384762874667
2013072103,573.8950499989223
2013072104,573.9516292878793
2013072105,574.0082141548874
2013072106,574.0648046004965
2013072107,574.1214006252567
2013072108,574.178002229718
2013072109,574.2346094144305
2013072110,574.2912221799443
2013072111,574.3478405268097
2013072112,574.4044644555768
2013072113,574.461093966796
2013072114,574.5177290610178
2013072115,574.5743697387924
2013072116,574.6310160006703
2013072117,574.6876678472021
2013072118,574.7443252789384
2013072119,574.8009882964299
2013072120,574.857656900227
2013072121,574.9143310908808
2013072122,574.9710108689418
2013072123,575.027696234961
2013072200,575.0843871894893
2013072201,575.1410837330777
2013072202,575.1977858662772
2013072203,575.2544935896387
2013072204,575.3112069037136
2013072205,575.3679258090528
2013072206,575.4246503062077
2013072207,575.4813803957296
2013072208,575.5381160781699
2013072209,575.5948573540797
2013072210,575.6516042240108
2013072211,575.7083566885145
2013072212,575.7651147481424
2013072213,575.8218784034461
2013072214,575.8786476549774
2013072215,575.9354225032878
2013072216,575.9922029489292
2013072217,576.0489889924535
2013072218,576.1057806344124
2013072219,576.162577875358
2013072220,576.2193807158422
2013072221,576.2761891564172
2013072222,576.3330031976349
2013072223,576.3898228400475
2013072300,576.4466480842074
2013072301,576.5034789306666
2013072302,576.5603153799776
2013072303,576.6171574326927
2013072304,576.6740050893644
2013072305,576.7308583505451
2013072306,576.7877172167873
2013072307,576.8445816886439
2013072308,576.901451766667
2013072309,576.9583274514099
2013072310,577.0152087434249
2013072311,577.072095643265
2013072312,577.1289881514831
2013072313,577.1858862686321
2013072314,577.2427899952648
2013072315,577.2996993319346
2013072316,577.3566142791942
2013072317,577.4135348375969
2013072318,577.4704610076959
2013072319,577.5273927900445
2013072320,577.5843301851959
2013072321,577.6412731937035
2013072322,577.6982218161206
2013072323,577.7551760530008
2013072400,577.8121359048977
2013072401,577.8691013723646
2013072402,577.9260724559555
2013072403,577.9830491562237
2013072404,578.0400314737233
2013072405,578.0970194090077
2013072406,578.1540129626311
2013072407,578.2110121351471
2013072408,578.26801692711
2013072409,578.3250273390735
2013072410,578.3820433715919
2013072411,578.4390650252191
2013072412,578.4960923005094
2013072413,578.553125198017
2013072414,578.6101637182962
2013072415,578.6672078619014
2013072416,578.7242576293869
2013072417,578.7813130213071
2013072418,578.8383740382168
2013072419,578.8954406806702
2013072420,578.9525129492221
2013072421,579.009590844427
2013072422,579.0666743668398
2013072423,579.1237635170153
2013072500,579.1808582955082
2013072501,579.2379587028734
2013072502,579.2950647396659
2013072503,579.3521764064407
2013072504,579.4092937037527
2013072505,579.4664166321572
2013072506,579.5235451922093
2013072507,579.5806793844642
2013072508,579.6378192094772
2013072509,579.6949646678036
2013072510,579.7521157599988
2013072511,579.809272486618
2013072512,579.8664348482171
2013072513,579.9236028453513
2013072514,579.9807764785764
2013072515,580.037955748448
2013072516,580.0951406555217
2013072517,580.1523312003535
2013072518,580.209527383499
2013072519,580.266729205514
2013072520,580.3239366669548
2013072521,580.381149768377
2013072522,580.4383685103368
2013072523,580.4955928933903
2013072600,580.5528229180936
2013072601,580.6100585850029
2013072602,580.6672998946744
2013072603,580.7245468476647
2013072604,580.7817994445298
2013072605,580.8390576858263
2013072606,580.8963215721107
2013072607,580.9535911039393
2013072608,581.010866281869
2013072609,581.0681471064562
2013072610,581.1254335782578
2013072611,581.1827256978303
2013072612,581.2400234657307
2013072613,581.2973268825159
2013072614,581.3546359487426
2013072615,581.4119506649679
2013072616,581.4692710317488
2013072617,581.5265970496424
2013072618,581.5839287192058
2013072619,581.6412660409962
2013072620,581.6986090155708
2013072621,581.755957643487
2013072622,581.8133119253022
2013072623,581.8706718615736
2013072700,581.9280374528587
2013072701,581.9854086997152
2013072702,582.0427856027005
2013072703,582.1001681623723
2013072704,582.1575563792883
2013072705,582.2149502540061
2013072706,582.2723497870837
2013072707,582.3297549790788
2013072708,582.3871658305494
2013072709,582.4445823420533
2013072710,582.5020045141488
2013072711,582.5594323473936
2013072712,582.6168658423461
2013072713,582.6743049995644
2013072714,582.7317498196066
2013072715,582.7892003030313
2013072716,582.8466564503965
2013072717,582.9041182622608
2013072718,582.9615857391826
2013072719,583.0190588817204
2013072720,583.0765376904328
2013072721,583.1340221658784
2013072722,583.1915123086158
2013072723,583.2490081192038
2013072800,583.3065095982012
2013072801,583.3640167461667
2013072802,583.4215295636595
2013072803,583.4790480512382
2013072804,583.5365722094621
2013072805,583.59410203889
2013072806,583.6516375400812
2013072807,583.7091787135947
2013072808,583.7667255599899
2013072809,583.8242780798261
2013072810,583.8818362736624
2013072811,583.9394001420584
2013072812,583.9969696855734
2013072813,584.054544904767
2013072814,584.1121258001987
2013072815,584.1697123724282
2013072816,584.227304622015
2013072817,584.2849025495191
2013072818,584.3425061554999
2013072819,584.4001154405175
2013072820,584.4577304051318
2013072821,584.5153510499026
2013072822,584.5729773753899
2013072823,584.6306093821539
2013072900,584.6882470707545
2013072901,584.7458904417521
2013072902,584.8035394957067
2013072903,584.8611942331787
2013072904,584.9188546547284
2013072905,584.9765207609162
2013072906,585.0341925523024
2013072907,585.0918700294477
2013072908,585.1495531929125
2013072909,585.2072420432576
2013072910,585.2649365810433
2013072911,585.3226368068307
2013072912,585.3803427211803
2013072913,585.4380543246531
2013072914,585.49577161781
2013072915,585.5534946012117
2013072916,585.6112232754193
2013072917,585.668957640994
2013072918,585.7266976984968
2013072919,585.7844434484887
2013072920,585.8421948915311
2013072921,585.8999520281852
2013072922,585.9577148590125
2013072923,586.015483384574
2013073000,586.0732576054315
2013073001,586.1310375221464
2013073002,586.1888231352801
2013073003,586.2466144453944
2013073004,586.3044114530506
2013073005,586.3622141588108
2013073006,586.4200225632367
2013073007,586.47783666689
2013073008,586.5356564703326
2013073009,586.5934819741263
2013073010,586.6513131788334
2013073011,586.7091500850158
2013073012,586.7669926932356
2013073013,586.8248410040549
2013073014,586.8826950180359
2013073015,586.9405547357409
2013073016,586.9984201577322
2013073017,587.0562912845724
2013073018,587.1141681168235
2013073019,587.1720506550483
2013073020,587.2299388998092
2013073021,587.287832851669
2013073022,587.3457325111901
2013073023,587.4036378789353
2013073100,587.4615489554675
2013073101,587.5194657413493
2013073102,587.5773882371439
2013073103,587.6353164434137
2013073104,587.6932503607221
2013073105,587.751189989632
2013073106,587.8091353307067
2013073107,587.8670863845091
2013073108,587.9250431516024
2013073109,587.98300563255
2013073110,588.0409738279152
2013073111,588.0989477382614
2013073112,588.1569273641519
2013073113,588.2149127061502
2013073114,588.27290376482
2013073115,588.3309005407248
2013073116,588.3889030344282
2013073117,588.446911246494
2013073118,588.5049251774858
2013073119,588.5629448279677
2013073120,588.6209701985033
2013073121,588.6790012896568
2013073122,588.7370381019919
2013073123,588.7950806360727
